0.168880 0.414817 0.894095
0.262975 0.832152 0.488230
0.496943 0.789759 0.359622
0.496943 0.789759 0.359622
0.496943 0.789759 0.359622
0.543140 0.784559 0.299108
0.540411 0.777120 0.322552
0.539777 0.775435 0.327630
0.546207 0.802991 0.238462
0.544902 0.757203 0.360174
0.549027 0.742942 0.382891
0.540739 0.743390 0.393667
0.547034 0.749030 0.373774
0.536883 0.742229 0.401065
0.544744 0.745948 0.383167
0.551459 0.746610 0.372112
0.651961 0.756638 0.049449
0.551049 0.748062 0.369796
0.665310 0.746381 0.016688
0.604923 0.794516 0.053031
0.634863 0.666678 -0.390499
0.611744 0.790666 0.024826
0.604133 0.796387 -0.028117
0.581597 0.813306 -0.016711
0.570567 0.815058 0.100669
0.548212 0.835512 0.037207
0.551778 0.737631 0.389155
0.544997 0.734081 0.405096
0.476026 0.878673 0.036515
0.518939 0.854773 -0.008127
0.540282 0.841356 0.014666
0.518153 0.829667 -0.207773
0.518153 0.829667 -0.207773
0.206226 0.360420 -0.909708
0.204313 0.350171 -0.914132
0.297092 0.347558 -0.889348
0.162054 0.307870 -0.937526
0.151688 0.297360 -0.942639
0.130481 0.318598 -0.938866
0.116863 0.288778 -0.950237
0.125357 0.321730 -0.938496
0.098045 0.296358 -0.950031
0.112663 0.375976 -0.919755
0.092025 0.367130 -0.925606
0.134966 0.334806 -0.932571
0.140676 0.349232 -0.926417
0.144127 0.350770 -0.925304
0.163758 0.369301 -0.914768
0.162054 0.307870 -0.937526
0.208248 0.421432 -0.882626
0.218924 0.304939 -0.926868
0.180983 0.402936 -0.897155
0.224066 0.308461 -0.924471
0.177606 0.270838 -0.946099
0.151688 0.297360 -0.942639
0.141134 0.242100 -0.959932
0.097321 0.186108 -0.977698
0.100810 0.184140 -0.977717
0.067196 0.122738 -0.990162
0.049494 0.080186 -0.995550
0.059968 0.102623 -0.992911
0.072071 0.180514 -0.980928
0.021483 0.020752 -0.999554
0.105755 0.241838 -0.964536
-0.019495 0.005013 -0.999797
0.116614 0.324407 -0.938702
-0.030664 0.015189 -0.999414
-0.023943 0.023735 -0.999432
0.005744 -0.008533 -0.999947
-0.008493 -0.016257 -0.999832
0.020109 -0.000950 -0.999797
-0.037122 -0.031513 -0.998814
-0.155219 -0.088296 -0.983926
-0.236642 -0.134043 -0.962306
-0.260052 -0.153005 -0.953395
-0.283955 -0.170957 -0.943474
-0.320911 -0.202190 -0.925276
-0.318962 -0.207225 -0.924836
-0.372556 -0.285885 -0.882877
-0.436117 -0.307753 -0.845630
-0.500312 -0.369704 -0.782947
-0.447034 -0.290946 -0.845879
-0.497683 -0.358756 -0.789687
-0.348915 -0.213334 -0.912550
-0.439819 -0.403598 -0.802289
-0.643643 -0.627280 -0.438455
-0.435400 -0.396360 -0.808286
-0.658178 -0.642369 -0.392637
-0.659932 -0.644137 -0.386752
-0.754465 -0.651282 -0.081328
-0.604323 -0.525361 -0.598991
-0.759586 -0.606452 -0.235043
-0.519381 -0.354685 -0.777459
-0.528243 -0.358779 -0.769570
-0.488719 -0.315980 -0.813210
-0.458260 -0.296138 -0.838034
-0.525225 -0.316680 -0.789843
-0.559852 -0.340391 -0.755447
-0.567401 -0.365253 -0.738001
-0.797443 -0.512928 -0.317788
-0.806315 -0.590855 -0.027314
-0.787405 -0.611334 -0.079151
-0.782385 -0.608117 0.134413
-0.818809 -0.528857 0.223297
-0.744504 -0.667551 0.009437
-0.738369 -0.674164 -0.017737
-0.655857 -0.749221 -0.092307
-0.657894 -0.739274 0.143697
-0.625927 -0.700786 0.342221
-0.773437 -0.474199 0.420630
-0.796560 -0.505692 0.331312
-0.848533 -0.528854 0.017441
-0.792981 -0.503447 0.343107
-0.791916 -0.502633 0.346741
-0.790926 -0.501681 0.350361
-0.624532 -0.699641 0.347078
-0.789993 -0.500618 0.353969
-0.625321 -0.701562 0.341737
-0.788355 -0.498072 0.361139
-0.615864 -0.694102 0.372739
-0.788355 -0.498072 0.361139
-0.611556 -0.686441 0.393444
-0.787470 -0.496860 0.364721
-0.732112 -0.521043 0.438779
-0.784865 -0.490353 0.378867
-0.540521 -0.616406 0.572608
-0.471499 -0.105553 0.875527
-0.453488 -0.106718 0.884850
-0.463899 -0.098544 0.880390
-0.446286 -0.110502 0.888042
-0.463126 -0.093815 0.881313
-0.439717 -0.113386 0.890950
-0.453850 -0.078889 0.887579
-0.131017 0.182971 0.974349
-0.459385 -0.079154 0.884704
0.142845 0.390837 0.909308
-0.458749 -0.070828 0.885739
0.158302 0.390950 0.906696
-0.451924 -0.021417 0.891799
0.168255 0.396177 0.902626
-0.451934 -0.021514 0.891792
0.174012 0.395610 0.901783
-0.454514 -0.012108 0.890657
0.160987 0.402977 0.900940
-0.448671 -0.005365 0.893681
0.158609 0.400370 0.902523
-0.439930 0.003391 0.898026
0.155979 0.397988 0.904033
-0.439460 -0.048810 0.896935
0.158609 0.400370 0.902523
-0.406899 0.030073 0.912978
0.160987 0.402977 0.900940
-0.431064 0.015018 0.902196
0.190319 0.432840 0.881152
-0.429021 0.012282 0.903211
0.539094 0.735091 0.411120
-0.354068 0.075771 0.932145
0.544870 0.738521 0.397119
-0.376291 0.067717 0.924023
0.548193 0.741703 0.386473
0.257462 0.846419 0.466142
0.540628 0.741216 0.397894
0.255148 0.844813 0.470309
0.176474 0.458760 0.870859
0.176871 0.467216 0.866271
0.142845 0.390837 0.909308
0.152738 0.396170 0.905384
0.163990 0.418659 0.893214
0.164488 0.418109 0.893380
0.174167 0.487846 0.855378
0.258279 0.799498 0.542305
0.270206 0.879333 0.392124
0.168880 0.414817 0.894095
